Total number of users: 100000
Number of invalid users: 1020
0 2
199 20
20 201
738 0
0 740
1033 0
0 1035
1198 0
0 1200
1382 0
0 1384
1528 15
15 1530
1775 177
177 1777
2264 2266
2316 23
23 2318
2366 0
0 2368
2514 0
0 2516
2662 0
0 2664
2731 2733
2817 2819
2836 2838
2859 0
0 2861
3146 0
0 3148
3817 0
0 3819
4239 0
0 4241
4486 0
0 4488
4535 0
0 4537
4831 0
0 0
0 4834
4930 0
0 4932
5582 5584
5720 0
0 5722
5814 0
0 5816
5967 0
0 5969
6080 0
0 6082
6458 0
0 6460
6753 675
675 6755
6802 680
680 6804
7100 7102
7295 7
7 7297
7345 0
0 7347
7402 7404
7444 0
0 7446
7641 0
0 7643
7789 77
77 7791
7889 0
0 7891
8135 81
81 8137
8264 8266
8675 0
0 8677
8763 8765
9118 91
91 9120
9168 91
91 9170
9267 0
0 9269
9367 936
936 9369
9466 0
0 9468
9958 0
0 9960
10000 8
Total number of drivers: 9991
Number of invalid drivers: 114
